[{
    "timeStamp": 1705359600,
    "open": 30.739999771118164,
    "close": 30.8799991607666,
    "volume": 44676,
    "high": 30.899999618530273,
    "low": 30.739999771118164,
    "adjclose": 30.8799991607666
},
{
    "timeStamp": 1705359600,
    "open": 30.739999771118164,
    "close": 30.8799991607666,
    "volume": 44676,
    "high": 30.899999618530273,
    "low": 30.739999771118164,
    "adjclose": 30.8799991607666
}
]